15

West
-1
12
        wsm     9       5 4 5 9 7 6 4 10 8
        bwc     9       6 6 6 4 4 7 4 7 5
        ggc     5       5 5 6 4 5 5 4 5 6
        bxm     8       5 5 5 4 5 4 3 8 6
        mag     18      9 5 6 5 7 5 5 8 8
        ry      20      7 8 10 6 6 8 6 11 8
        mmm     18      6 8 6 5 10 5 4 10 6
        bab-bzn 13      7 5 5 7 5 7 4 8 6
        jes     18      5 5 8 5 5 5 5 10 9
        hp      20      9 9 6 8 7 8 4 12 11
        re      6       5 5 7 4 4 6 4 5 5
        js-llb  16      6 6 9 5 6 6 4 7 13

East
-1
13
	bwc		10	6 8 5 6 3 4 5 5 5
	llb		14	9 4 7 5 6 7 6 6 6
	jes		18	6 6 8 5 4 6 6 5 8
	bz-mmm	9	7 4 7 7 4 4 6 3 6
	wsm		11	7 8 5 5 3 6 7 5 6
	ggc		6	7 4 5 5 4 4 4 4 5
	bxm		8	6 4 5 5 4 6 5 4 8
	ry		22	9 10 6 8 7 9 5 5 9
	hp		23	8 6 8 13 6 7 6 5 7
	bab-bzn	14	6 5 6 5 4 4 5 4 7
	re		6	6 5 4 4 3 4 4 4 6
	mag		18	6 7 4 5 5 5 6 4 7
	bzn 	9	7 4 7 7 4 4 6 3 6

South
-1
12
	ggc		6	5 5 4 4 4 5 8 4 7
	llb		15	8 9 9 5 8 7 7 6 9
	bab-bzn	13	12 6 6 4 5 5 5 6 7
	wsm		12	8 3 9 4 3 3 5 3 6
	mmm		19	9 6 5 6 8 10 12 4 7
	bxm		8	8 5 4 4 4 4 3 4 7
	re		6	5 3 4 3 3 4 5 5 7
	jes		18	7 3 8 5 6 6 6 7 7
	bwc		10	6 4 5 3 6 5 6 4 6
	hp		24	8 7 7 7 6 5 6 5 9
	mag		17	6 5 8 4 7 5 6 4 5
	ry		24	13 5 9 6 6 5 7 5 10

West
-1
12
	ggc		7	4 5 4 4 5 4 4 6 6
	llb		18	8 7 7 5 7 7 4 8 7
	bab-bzn	14	5 6 7 5 6 7 4 6 6
	wsm		12	7 6 7 5 5 6 3 8 6
	by-mmm	16	5 6 9 4 6 5 4 7 6
	bxm		8	6 4 7 5 5 5 4 6 7
	re		5	4 5 5 4 4 6 3 6 6
	jes		18	7 6 7 6 6 5 8 13 7
	bwc		10	4 4 7 5 6 6 2 8 5
	hp		25	9 9 7 7 7 9 3 9 8
	mag		16	6 5 8 3 5 5 4 7 6
	cwt-ry	20	7 7 6 5 7 7 6 9 7

East
-1
13
	bwc		10	7 4 5 5 4 3 5 5 5
	llb-x	19	8 7 7 7 6 7 7 5 7
	jes		19	10 7 7 6 5 6 4 8 8
	mmm		21	10 4 5 8 4 6 6 3 6
	wsm		13	6 5 5 5 3 6 8 4 7
	ggc		7	5 4 3 6 4 5 4 4 7
	bxm-x	9	7 6 5 5 4 6 6 4 6
	ry		25	8 11 7 6 5 9 7 6 6
	hp		26	11 10 9 7 9 7 9 5 7
	bzn-x	14	8 6 6 6 5 6 6 5 7
	bz-re	9	7 6 4 4 3 5 5 5 5
	mag		15	9 9 5 6 4 5 8 4 5
	bzn 	9	7 6 4 4 3 5 5 5 5

South
-1
12
	bwc		9	7 2 3 4 5 5 4 4 5
	llb-x	19	8 5 7 6 7 7 7 6 8
	jes		20	9 6 9 2 7 7 6 4 6
	mmm		20	9 5 5 4 5 5 5 5 6
	wsm		13	6 3 7 4 6 5 4 3 7
	ggc		7	7 3 5 4 4 5 5 3 4
	rjn-bxm	12	7 5 5 5 5 6 4 5 5
	ry		26	9 6 9 5 8 7 7 8 9
	hp		28	7 7 8 6 10 8 6 6 9
	bzn		9	7 4 4 3 4 5 4 3 4
	re		5	6 5 6 3 4 5 6 5 5
	mag		15	7 3 8 6 9 5 5 6 6

West
-1
12
	ggc		6	4 4 4 4 4 5 4 6 5
	llb-x	19	8 8 7 6 7 7 5 7 8
	bzn-x	14	6 6 7 5 6 6 5 8 6
	wsm		12	5 6 6 4 5 4 5 8 6
	mmm		19	7 7 6 6 5 6 6 14 9
	bxm-x	9	6 6 6 4 6 5 4 7 5
	re		6	5 6 6 3 4 6 2 6 4
	jes		21	8 6 7 5 7 6 4 8 6
	bwc		8	4 6 6 5 5 6 3 7 6
	hp		29	9 8 8 8 7 6 6 11 9
	mag		15	5 6 6 4 5 8 5 8 6
	ry		27	8 6 9 4 9 6 5 7 9

East
-1
12
	bwc		8	6 4 5 3 4 6 7 3 4
	mmm		20	8 12 6 4 3 6 8 4 8		
	jes		20	6 7 5 6 3 4 7 6 6
	bzn		8	8 5 5 5 3 5 5 6 5
	wsm		12	4 5 6 4 3 4 5 4 6
	ggc		6	7 5 5 4 2 6 4 3 5
	bxm		9	6 7 6 4 4 5 4 7 6
	bx-ry	10	5 6 5 4 3 4 6 5 7
	hp		30	9 9 7 7 5 5 6 5 7
	jd-llb	11	6 5 6 6 3 5 6 6 6
	re		6	5 4 5 4 4 5 4 3 6
	mag		15	8 8 6 4 4 6 5 5 6

South
-1
12
	ggc		5	5 3 6 2 5 4 5 4 5
	llb-x	19	8 5 7 6 7 7 7 6 8
	bzn		8	4 4 4 4 5 4 6 5 5
	wsm		10	8 4 5 3 9 4 4 5 5
	mmm		20	9 4 9 4 6 8 8 5 6
	bxm		10	9 4 5 4 5 7 4 4 6
	re		6	5 3 6 3 3 4 4 4 5
	jes		19	9 4 5 4 6 5 6 6 5
	bwc		7	7 4 7 4 5 6 5 3 5
	hp		28	7 6 9 5 7 7 6 9 6
	mag		15	6 5 6 4 7 8 5 4 7
	ry		27	7 6 8 5 7 7 7 5 11

West
-1
12
	ggc		5	5 5 5 5 5 5 3 7 6
	llb-x	19	8 8 7 6 7 7 5 7 8
	bzn		7	5 5 6 4 5 4 4 6 5
	wsm		10	4 5 7 6 6 7 4 8 6
	mmm		21	6 7 6 6 8 6 3 8 5
	bxm		10	6 5 5 3 5 7 5 9 6
	re		5	6 4 6 4 4 4 4 7 4
	jes		18	7 7 6 4 5 5 4 8 7
	bwc		8	6 5 6 4 5 7 4 7 5
	hp		28	7 9 8 6 7 7 4 10 5
	mag		15	8 6 6 4 5 5 5 7 8
	ry		27	6 9 7 5 7 6 4 10 7

East
-1
12
	bwc		8	7 4 5 5 3 3 4 5 6
	mmm		20	9 5 4 5 5 5 7 7 8
	jes		16	7 5 7 5 3 6 5 5 6
	bzn		7	6 6 5 4 5 5 5 3 6
	wsm		11	8 5 7 4 3 4 5 5 5
	ggc		5	6 5 5 5 3 6 5 3 5
	bxm		11	6 7 5 6 3 5 5 4 5
	ry		26	7 8 9 9 5 7 7 6 6
	hp		27	8 7 9 6 7 7 8 7 8
	llb-x	19	8 7 7 7 6 7 7 5 8
	mjs-re	11	6 5 6 4 3 6 5 5 7
	mag		16	7 5 4 6 6 6 6 5 6

South
-1
12
	ggc-x	6	6 4 5 4 4 5 5 4 6
	llb-x	19	8 6 7 6 6 7 7 6 8
	bzn		7	5 3 5 5 5 6 5 3 6
	wsm		10	6 3 6 4 7 4 4 3 6
	mmm		19	8 5 7 6 5 5 7 5 9
	bxm		11	4 5 5 4 4 6 5 4 6
	re		5	6 4 5 3 4 4 3 3 5
	jes		15	6 4 6 3 3 4 6 6 6
	bwc-x	8	7 4 5 4 5 5 5 4 7
	hp-x	26	9 7 8 7 8 8 8 7 9
	mag-x	15	8 5 7 5 6 6 6 5 8
	cwt-ry	21	9 5 10 9 7 5 5 4 5	

West
-1
12
	rjn-ggc	9	7 4 6 4 4 5 4 7 5
	llb-x	19	7 7 8 6 7 7 5 8 7
	bzn		7	6 5 6 4 7 6 6 6 6
	wsm		10	5 5 5 4 7 5 3 6 5
	mmm		19	6 5 6 8 7 6 4 8 7
	bxm		10	6 4 6 4 5 4 4 7 7
	re		4	5 4 5 4 5 5 2 7 4
	jes		13	7 6 8 6 6 5 3 7 5
	mjs-bwc	11	5 7 7 4 5 7 3 6 5
	hp		26	8 9 7 5 7 9 4 9 7
	mag		15	8 6 8 6 6 7 4 8 6
	ry		25	8 7 7 3 8 8 5 10 6

East
-1
13
	bwc		8	6 4 9 5 4 4 5 5 6
	rjn-mmm	9	6 4 8 7 4 9 5 4 6
	jes		13	7 5 6 6 4 4 6 6 8
	bzn		9	7 4 7 5 3 5 4 5 6
	wsm		9	7 5 5 6 4 8 6 4 6
	ggc		6	5 4 7 4 4 4 5 4 6
	bxm-x	10	7 5 5 5 4 6 6 4 7
	ry		25	11 8 8 7 5 9 5 6 8
	hp		26	9 7 9 8 5 9 7 4 8
	llb-x	19	8 7 6 7 6 7 7 6 8
	re		4	5 4 5 4 3 6 5 4 5
	mag		16	7 5 5 9 4 7 5 5 5
	mjs		11	6 6 5 5 4 5 5 4 6

South
-1
12
	ggc		6	6 4 5 4 4 5 4 3 5
	llb-x	19	8 5 7 6 7 7 7 6 8
	bzn		9	8 4 7 5 5 6 7 4 5
	wsm		10	6 3 5 3 5 5 4 4 5
	mmm		19	10 3 6 4 7 7 5 7 7
	bxm		10	6 5 4 3 4 5 4 4 4
	re		4	7 4 4 4 5 5 4 3 8
	jes		13	5 4 5 5 5 6 5 3 6
	bwc		9	8 3 5 4 4 7 5 3 4
	mjs-hp	11	9 4 7 3 5 4 4 2 7
	mag		16	6 4 7 4 6 4 6 3 6
	ry		25	10 6 6 4 5 5 5 7 10

West
-1
11
	ggc		0	4 6 4 5 7 6 3 7 4
	mjs		11	6 7 6 4 5 5 3 8 6
	bzn		8	5 6 6 6 6 5 3 7 6
	wsm		0	6 4 5 5 6 5 3 7 5
	mmm		7	5 7 5 7 5 5 4 8 5
	re		5	5 5 5 5 4 4 4 5 4 
	jes		0	6 5 7 4 5 5 4 8 7
	bwc		0	4 5 7 5 5 4 3 7 4
	hp		26	9 8 8 5 8 7 4 8 8
	mag		9	5 6 6 4 7 5 5 8 7
	ry		24	6 5 6 6 7 6 5 10 5

East
-1
8
	bwc		0	7 7 5 4 4 6 5 4 8
	mmm		13	7 6 6 6 4 7 4 4 8
	jes		12	9 6 6 9 3 6 6 4 7
	wsm		9	7 5 6 6 4 5 6 5 5
	ggc		7	4 6 5 5 3 5 5 3 5
	ry		23	9 7 8 9 6 7 4 6 6
	re		0	8 4 5 5 3 5 5 4 4
	mag		7	6 8 4 6 4 7 6 5 8

South
-1
7
	ggc		6	5 4 6 5 4 3 5 4 5
	bzn		11	7 4 5 4 4 6 5 5 6
	wsm		9	6 4 6 4 6 5 4 4 8
	mmm		2	5 5 6 4 6 3 4 5 7
	bwc		9	7 6 6 4 3 5 4 4 7
	hp		26	10 8 7 6 7 6 7 7 9
	mag		0	8 6 11 4 9 6 5 6 6
