16

West
5 7 8 6 2 4 9 3 1 
9
	wsm	9	5 5 6 5 4 4 3 8 6 
	rh-mar	12	4 5 7 5 5 5 4 8 8 
	cd	6	5 4 5 6 4 5 3 7 5 
	bz	12	7 5 6 4 5 5 4 6 4 
	mmm	13	6 7 8 6 6 5 4 8 7 
	mag	18	8 6 7 4 6 8 6 10 10 
	ggc	6	6 4 6 3 4 5 5 6 4 
	jes	13	6 7 8 5 5 6 4 7 10 
	bwc	10	6 5 6 4 6 5 3 7 6 

East
7 5 2 9 3 6 4 1 8 
9
	jes	14	7 9 6 7 4 5 7 5 6 
	mag	19	8 7 6 5 4 6 6 7 6 
	bwc	10	5 4 3 4 3 4 4 4 7 
	rh-mar	12	6 6 6 5 4 6 6 4 6 
	mmm	14	6 6 8 5 3 7 6 6 5 
	bz	11	7 6 5 5 4 4 6 5 5 
	ggc	6	7 5 4 5 3 4 5 4 7 
	cd	6	6 4 6 6 3 5 4 5 6 
	wsm-x	9	6 5 6 5 5 5 5 5 6 

<None>
1 2 3 4 5 6 7 8 9
0

West
3 7 6 4 8 5 9 2 1 
8
	rh-mar	12	5 7 6 5 6 6 5 6 9 
	bwc	9	5 5 7 5 4 5 2 8 7 
	wsm	9	8 7 6 7 6 6 3 10 6 
	mag	19	8 5 7 6 7 5 4 8 10 
	jes	15	5 5 6 4 7 6 6 10 5 
	mmm	15	6 7 8 4 6 7 4 7 8 
	ggc	7	5 4 5 4 4 5 3 7 5 
	bz	11	7 4 6 4 6 5 4 6 6 

East
4 2 3 6 9 8 5 1 7 
8
	bwc	9	4 6 4 4 5 6 5 3 8 
	bz	11	8 6 5 4 4 4 6 4 6 
	mag	19	6 6 7 6 4 5 8 5 7 
	mmm	16	9 6 7 4 4 6 8 2 8 
	ggc	6	8 5 5 3 3 4 5 4 5 
	mjs-mar	11	6 5 6 5 4 6 5 4 8 
	jes	15	6 6 6 6 4 7 6 6 6 
	wsm	10	6 4 5 3 4 8 5 3 6 

South
3 5 1 8 7 4 9 2 6 
8
	jes	16	8 5 10 3 5 7 5 3 5 
	mag	19	9 3 5 2 5 6 6 4 7 
	bz	11	7 5 6 4 4 5 4 5 7 
	rh-mar	13	7 4 6 4 5 7 5 3 7 
	ggc	6	7 3 8 3 5 5 5 3 4 
	bwc	8	6 3 5 5 4 6 5 4 6 
	mmm	16	7 4 10 3 4 10 6 4 6 
	wsm	10	5 3 5 4 4 6 6 4 6 

West
3 8 6 4 7 5 9 2 1 
8
	wsm	10	6 7 5 5 5 4 4 8 5 
	jes	16	7 7 7 5 7 4 4 8 9 
	bwc	8	6 5 6 3 6 5 3 6 4 
	bz	11	5 5 6 6 5 5 5 8 4 
	mmm	16	5 5 7 4 7 4 5 8 6 
	rh-mar	13	6 6 8 7 9 6 4 9 7 
	mag	18	8 5 8 5 5 5 4 9 6 
	ggc	7	5 5 5 3 5 4 4 9 4 

East
4 2 3 9 8 6 1 5 7 
8
	bwc	8	5 5 4 4 3 5 6 5 6 
	rh-mar	15	7 7 6 5 4 7 5 3 6 
	jes	16	7 6 7 5 3 7 6 5 6 
	mmm	16	7 5 7 7 4 8 7 4 6 
	ggc	6	6 5 6 5 4 5 5 4 5 
	mag	17	7 7 7 6 3 5 5 4 7 
	bz	11	6 6 6 4 6 4 5 3 6 
	wsm-x	10	7 6 6 5 4 5 6 4 6 

South
3 7 1 9 8 2 4 6 5 
8
	jes	16	6 3 8 3 5 5 5 5 5 
	mag	16	7 6 6 3 5 5 5 7 6 
	mmm	16	10 5 9 5 2 5 6 5 5 
	wsm	10	9 3 5 3 3 6 4 5 7 
	ggc	7	7 3 4 2 5 5 3 2 5 
	bwc	8	5 5 4 3 4 5 6 3 4 
	bz-x	11	7 4 6 4 5 6 6 5 7 
	mjs-mar	11	7 4 7 4 6 6 4 4 7 

West
3 7 6 5 4 8 9 1 2 
8
	bwc	7	6 4 6 3 5 6 3 7 5 
	jes	15	6 6 6 4 4 6 2 7 6 
	ggc	6	4 5 6 4 6 5 3 6 7 
	wsm	10	5 5 5 2 5 9 3 6 5 
	mmm	16	9 5 7 6 4 7 5 7 5 
	rh-mar	15	6 7 6 5 5 5 4 7 5 
	bz	11	6 4 7 5 5 5 2 7 5 
	bn-mag	9	4 5 5 4 5 5 3 6 6 

East
5 1 2 8 9 4 3 6 7 
8
	bwc	7	6 6 4 5 3 4 5 4 6 
	wsm	9	6 4 5 5 3 5 5 5 7 
	mag	16	7 5 6 7 3 5 7 4 5 
	mjs-mar	12	6 5 6 5 5 4 4 6 7 
	ggc	7	5 6 6 6 3 4 4 3 5 
	bz	11	5 7 5 5 4 4 6 4 5 
	jes	14	7 6 6 6 3 5 6 4 8 
	mmm	16	6 5 7 6 4 6 6 5 8 

South
2 5 1 9 8 3 6 4 7 
8
	ggc	6	6 3 5 4 3 5 3 3 5 
	bwc	7	6 2 6 5 4 4 5 5 6 
	mmm	16	10 3 10 4 7 7 5 4 6 
	rh-mar	15	7 3 7 3 5 6 7 3 6 
	jes	13	6 5 7 5 6 5 8 4 6 
	mag	15	7 5 7 4 6 7 4 6 6 
	bz	10	5 5 7 3 4 7 5 5 4 
	wsm	9	6 3 6 2 4 7 4 4 3 

West
3 8 7 4 5 6 9 1 2 
8
	mmm	16	4 5 7 4 5 5 4 6 6 
	mjs-mar	12	6 5 7 4 7 5 4 7 6 
	mag	14	8 7 6 4 7 5 3 10 5 
	bz	10	5 5 5 3 4 5 5 8 6 
	jes	13	6 6 6 3 4 5 3 7 5 
	bwc	7	5 6 5 5 6 6 4 8 7 
	ggc	6	6 5 6 3 4 5 3 6 6 
	wsm	8	5 5 5 4 4 4 2 6 4 

East
4 2 1 8 9 6 3 5 7 
8
	bwc	8	6 5 5 5 4 5 5 5 6 
	rh-mar	14	5 9 5 5 4 9 5 3 5 
	jes	12	7 7 6 5 2 5 6 6 7 
	mag	14	6 6 4 5 4 5 6 6 4 
	ggc	6	5 4 5 3 3 3 5 3 7 
	bz	10	7 4 6 4 4 4 5 4 5 
	wsm	7	6 4 5 4 4 6 6 4 5 
	mmm	15	5 6 10 6 5 5 7 5 6 

South
3 6 1 9 8 2 5 4 7 
8
	bwc-x	9	7 4 6 4 5 6 5 4 6 
	jes	13	7 6 7 5 6 5 4 4 7 
	wsm	7	5 4 4 4 7 4 5 4 6 
	mmm	15	7 6 5 3 4 5 6 4 8 
	mjs-mar	12	5 4 5 4 4 5 4 4 7 
	ggc	5	5 3 4 3 4 4 4 5 7 
	bz	9	5 6 6 3 4 5 5 4 5 
	mag	14	5 4 7 5 5 3 4 5 6 

West
3 4 8 6 5 7 9 1 2 
4
	wsm-x	7	2 2 2 2 2 2 2 2 2 
	ggc-x	5	0 0 0 0 0 0 0 0 0 
	mag-x	13	0 0 0 0 0 0 0 0 0 
	bz-x	9	0 0 0 0 0 0 0 0 0 
