15

White
9 5 2 8 6 4 7 1 3
11
bd  4  6 9 3 4 4 5 6 3 4
rw  6  6 6 3 5 5 5 7 4 4
bc  9  8 5 4 6 5 5 6 4 6
mp 17  9 7 8 6 6 7 6 5 6
sm  6  5 6 4 5 5 4 7 5 6
rh 12  8 6 3 6 5 5 7 5 7
gc  9  8 5 4 6 6 6 7 5 5
mr 14  8 6 5 5 5 6 8 5 8
ts 13  7 5 3 9 5 6 6 4 6
gp 13  8 5 3 5 5 5 6 4 6
pb  4  6 6 3 5 5 5 4 3 4

Blue
3 9 6 4 8 2 5 1 7
11
mr 13 5 5 7 5 6 5 6 3 7
gp 12 7 7 5 6 9 4 5 4 5
mp 17 9 8 6 5 8 6 9 5 6
sm  6 4 6 6 6 6 3 5 4 5
pb  4 5 5 5 5 5 5 4 3 4
rh 11 7 6 5 6 8 2 5 6 6
bc  9 5 5 9 5 8 3 5 3 5
rw  5 5 7 4 5 5 5 6 3 5
bd  4 4 6 5 5 6 4 5 3 6
ts 13 5 7 6 6 8 3 7 4 5
gc  8 5 7 5 7 6 4 5 5 5

Gold
4 3 1 5 8 9 2 6 7 
11
bd  4 6 6 3 4 5 6 3 4 4
mr 14 6 6 4 6 4 8 4 6 7
bc 10 5 5 4 7 6 5 4 6 4
pb  4 5 6 3 5 6 5 4 4 6
sm  6 4 5 4 5 5 5 4 6 6
gc  9 7 5 4 5 8 5 3 7 6
mp 18 7 7 4 8 5 7 4 6 6
rw  6 5 5 4 5 5 5 4 5 6
rh 12 6 6 4 5 7 6 4 4 6
ts 13 6 7 3 5 6 7 4 6 7
gp 13 5 5 3 6 8 5 5 9 4

Red
4 6 5 2 9 1 8 3 7
11
pb  4 4 4 5 7 5 4 4 5 4
gc  8 5 7 5 4 6 4 6 5 4
mp 16 6 5 6 4 9 4 9 6 4
rw  5 5 6 3 3 7 3 5 8 4
bc  9 6 5 4 2 4 4 4 5 5
rh 11 4 5 6 5 6 4 4 3 6
mr 13 7 8 7 4 6 5 6 6 4
sm  6 5 5 5 4 4 2 4 5 5
gp 12 5 5 6 4 10 6 4 5 4
ts 12 5 5 5 3 5 4 5 7 6
bd  4 4 6 4 5 5 3 4 5 6

White
8 5 2 9 6 4 7 1 3
11
rh 12 5 4 5 8 5 6 6 5 8
bd  5 5 7 4 6 5 5 5 4 5
pb  5 6 6 3 5 5 5 5 3 4
rw  6 6 4 6 4 4 6 5 4 4
ts 13 6 4 5 8 7 6 8 5 6
kx-mr 13 6 5 3 6 6 8 10 4 6
gc  9 5 5 5 5 7 7 6 4 7
gp 13 8 8 3 5 4 4 9 3 6
mp 18 7 6 5 5 7 6 7 5 7
sm  6 6 5 5 5 5 5 5 4 5
bc  9 7 6 4 7 4 5 6 6 6

Blue
3 9 6 4 8 2 5 1 7
10
bc  9 4 7 5 5 5 5 7 3 5
bd-x 5 5 6 5 5 6 4 5 4 5
sm  6 6 5 5 5 8 4 4 3 4
gp-x 12 6 6 6 6 6 5 6 5 6
mp 17 9 8 5 5 8 4 9 4 5
rw  6 5 6 5 3 7 6 4 4 4
pf-pb 7 6 4 6 5 6 3 4 4 4
rh 11 9 11 6 4 7 4 5 5 5
ts 13 5 6 5 5 10 4 5 4 6
gc  9 8 7 6 4 7 4 8 6 5

Gold
2 1 7 4 5 9 8 3 6
10
gc 10 8 5 4 5 8 5 6 6 5
pb  5 8 4 4 5 5 4 3 5 4
ts 13 6 7 3 5 5 6 5 5 5
gp 13 5 6 5 7 6 5 4 6 7
bd  5 5 5 3 5 5 4 4 5 6
mp 18 8 8 3 8 7 6 6 5 5
rh-x 12 6 6 5 6 7 6 4 6 6
rw  6 5 6 3 5 6 4 3 3 6
bc  9 5 3 3 4 7 6 3 5 6
sm  6 5 5 4 5 5 4 4 4 6

Red
2 6 5 8 4 3 9 1 7
10
bc  8 5 5 5 3 6 6 7 6 4
gp-x 11 6 5 6 4 7 5 5 6 5
bd  4 4 4 5 3 5 3 4 5 5
gc  9 5 6 3 4 6 4 5 6 6
mp 17 6 5 5 5 7 6 5 7 4
ts 12 5 6 7 5 7 7 6 5 4
sm  6 5 4 5 3 6 4 4 4 6
rh 11 4 6 5 5 8 4 4 5 5
pb  5 4 4 4 3 4 5 4 4 5
rw  5 5 4 5 3 7 4 5 5 4

White
5 3 9 8 7 2 4 6 1
10
rw  6 5 4 4 4 5 4 5 4 5
pb  4 5 6 3 5 4 5 7 4 5
sm-x 6 6 5 4 6 5 5 6 4 6
bd  5 6 4 4 5 6 5 7 3 5
gc 10 7 4 3 6 6 7 6 5 5
gp 13 6 8 5 4 5 5 6 3 7
mp 18 7 6 5 6 7 8 7 5 4
rh 12 6 6 5 6 5 5 8 4 7
bc  9 6 5 4 8 4 6 6 3 8
ts 13 6 5 5 6 5 6 6 4 6

Blue
2 6 7 3 1 9 5 4 8
10
bd  4 5 5 5 5 8 6 4 6 5
pb  5 4 5 6 4 5 3 4 3 5
sm  6 5 7 7 6 6 5 5 4 5
mp 17 6 9 7 5 8 5 7 3 9
rh 11 4 10 5 6 14 4 6 5 5
gc 10 7 5 6 5 7 4 7 5 5
gp 12 5 8 5 8 5 5 5 5 6
bc  9 5 7 7 4 6 5 4 4 5
rw  5 6 6 5 4 9 3 6 4 4
ts-x 12 6 7 6 6 7 4 6 5 5

Gold
2 1 7 4 5 9 8 3 6
10
sm  6 6 7 5 4 5 4 2 5 6
rh 12 4 5 3 7 5 6 3 6 4
gp 12 5 7 4 4 8 6 4 4 5
rw-x 6 5 6 4 5 6 6 4 5 5
bd  5 5 6 5 7 5 5 3 3 4
gc 11 6 6 3 5 6 5 5 5 4
mp 17 9 9 6 7 5 7 5 7 9
bc  9 6 6 4 6 6 7 5 6 5
pb  5 7 5 5 5 6 5 3 4 5
ts 13 5 7 6 6 7 6 4 8 6

Red
0 0 0 0 0 0 0 0 0
0

White
5 3 9 8 6 2 4 7 1
10
rw  6 5 5 4 5 5 7 6 4 5
rh 12 4 6 6 5 4 4 6 5 6
gp 12 7 7 6 9 7 6 7 5 4
sm  6 6 4 4 6 4 5 8 3 4
mp 18 9 6 6 10 6 6 9 5 6
bd  5 7 5 3 6 6 6 5 3 5
ts 13 5 6 4 6 6 5 9 5 5
gc 11 6 5 5 6 5 6 6 3 6
pb  5 5 5 3 5 6 4 6 4 8
bc  9 6 5 3 5 5 5 7 4 5

Blue
2 6 7 3 1 9 5 4 8
10
rh 11 5 6 6 6 9 3 6 5 6
bd  5 5 5 4 4 7 4 6 3 4
rw  5 5 6 6 5 7 3 5 3 4
pf-gp 7 5 6 4 5 7 6 7 7 5
gc 11 7 4 6 5 7 3 6 3 5
mp 17 7 7 7 6 15 5 7 5 6
bc  9 7 7 4 7 6 3 4 5 6
ts 12 6 6 7 8 9 4 6 7 6
pb  5 4 5 5 5 7 3 4 4 5
sm  6 5 5 5 6 6 3 4 5 5 

Gold
2 1 7 4 5 9 8 3 6
10
bd  6 5 6 4 4 6 5 4 4 4
ts 13 5 4 3 6 5 6 4 8 6
pb  5 5 8 3 4 5 4 4 4 4
sm  7 5 6 3 4 5 7 4 4 5
bc  9 5 7 6 4 6 6 4 4 4
rh 11 6 8 4 7 8 7 5 6 4
gc 11 5 6 3 5 5 5 5 4 4 
mp 18 6 6 3 7 6 6 4 7 6
gp 12 4 4 5 6 6 5 4 7 5
rw  6 5 4 5 6 6 4 4 5 5

