16

Blue
1 8 5 3 2 9 6 4 7
8
ts 13 5 5 7 6 8 5 6 4 4
gp 12 6 12 5 5 7 5 5 7 5
gc 11 8 5 6 5 6 4 7 3 4
mp 17 8 6 5 6 15 4 7 7 5
bc 10 6 7 5 5 8 3 6 3 5
pf 8  5 6 5 6 6 5 7 6 7
rm-pb 16 5 7 5 6 10 7 5 6 6
rh 11 4 9 5 6 8 4 5 3 7

Red
3 5 6 8 4 2 9 1 7
8
bc 9  6 7 6 4 5 7 6 6 5
pb 5  5 4 5 3 6 4 5 4 6
mp-x 16 6 6 6 5 7 5 6 7 6
pf 7  4 8 6 4 6 6 4 5 6
gc 10 5 5 5 5 9 5 5 5 5
ts 12 6 6 7 4 6 4 6 9 7
rh 11 6 5 6 4 6 3 5 6 4
gp 11 5 4 5 4 6 5 4 4 4

White
5 3 9 7 8 2 4 6 1
8
gc 11 4 5 4 8 6 6 6 3 5
bc 10 6 6 4 6 5 5 5 4 6
pb 5  5 5 3 6 5 4 5 4 6
rh-x 12 7 6 4 7 5 6 7 5 6
ts 13 5 9 3 7 6 8 6 4 6
mp 17 7 8 5 9 7 8 10 5 6
gp 12 6 6 4 5 6 6 6 5 5
pf 8  8 5 4 5 4 6 6 3 8

Blue
2 6 7 4 1 9 3 5 8
8
bk-ts 12 8 7 7 4 8 4 4 7 5
rm-pb 16 7 7 5 6 8 3 4 6 6
rh 11 7 7 7 5 6 5 6 6 5
pf 7  6 5 4 5 7 4 7 4 4
gc 11 5 5 5 6 4 3 6 4 5 
mp 17 6 12 6 6 7 7 6 7 7 
bc 9  5 9 5 5 5 2 5 4 6
gp 11 6 7 5 6 5 4 7 3 5

Gold
4 1 7 2 5 9 8 3 6
8
gc 11 8 6 4 7 5 5 3 5 5
mp 17 5 5 5 5 6 7 3 6 5
sm-rh 7 6 6 4 4 7 5 3 5 5
pf 8  6 6 4 4 3 6 4 4 4
ts 13 7 7 3 6 9 6 3 8 4
bc 10 6 5 4 8 6 6 4 4 4
gp 12 5 5 4 4 4 6 5 6 5
bk-pb 12 7 6 3 6 7 6 4 5 6

Red
3 6 5 8 4 1 9 2 7
8
sm-gp 6 4 5 5 3 6 3 4 5 5
pf 7  5 4 4 3 5 4 4 5 3
pb 5  4 4 5 3 6 5 4 4 5
gc 10 6 5 6 4 6 4 5 5 5
ts 12 8 6 5 4 7 4 4 7 4
mp 16 7 8 8 5 8 6 6 6 5
bc 9  4 6 6 4 7 5 5 4 5
rh 11 5 5 5 4 5 5 3 5 4

White
5 3 9 6 7 2 4 8 1
8
bc 10 6 6 6 7 5 6 6 4 5
rh 11 4 5 4 5 6 5 6 3 5
gp 12 9 7 4 5 6 6 7 5 6
pf  7 6 7 5 5 5 6 6 4 6
gc 11 8 6 4 6 6 5 6 3 5
ts-x 13 7 6 4 7 6 6 7 5 6
pb  5 5 5 4 7 5 5 4 3 7
mp 18 6 5 4 9 7 7 7 4 6

Blue
2 6 7 4 1 9 5 3 8
8
ts 13 5 6 5 8 7 3 6 3 5
sm-gp 6 6 6 4 5 8 3 4 5 5
rh 10 5 7 5 5 7 3 5 6 5
pf  7 4 6 4 7 9 3 4 6 3
gc 10 7 5 5 4 5 3 5 8 4
mp 17 7 11 4 6 9 6 7 3 5
bc  9 6 6 5 5 7 5 6 6 5
pb  5 6 5 5 5 6 5 4 3 5

Gold
2 1 7 4 6 9 8 3 5
8
ts 13 7 6 4 7 5 5 4 6 8
mp 18 6 8 3 8 9 9 4 11 5
pb  5 5 5 3 5 6 5 3 5 4
pf  7 5 5 4 4 4 6 4 5 5
gc 11 6 4 4 4 8 5 5 5 4
bc 10 4 5 7 5 6 6 4 6 6
gp 11 5 5 7 5 5 5 4 5 6
rh 11 7 6 3 5 9 5 5 7 5

White
5 3 9 7 6 2 4 8 1
8
gc 11 7 6 6 5 4 7 5 3 5
mp 18 8 7 6 6 5 7 10 5 6
gp 11 5 5 4 4 5 8 8 6 6
ts 13 7 4 4 5 4 6 5 5 7
bc 10 7 6 5 7 4 6 5 5 5
pb  6 6 5 4 5 3 5 6 4 5
rh 11 8 4 4 7 5 6 6 5 5
pf 7  7 5 3 6 4 6 4 5 6

Blue
2 6 7 4 1 9 5 3 8
8
gc 10 5 6 5 7 5 4 3 3 5
bc 10 5 8 5 5 5 3 5 5 4
gp 11 6 7 6 5 5 6 4 4 5
pb  5 6 7 7 4 5 3 4 4 4
rh 10 5 6 6 6 5 6 6 4 5 
pf  7 7 5 6 5 7 4 4 4 5
ts 13 6 7 5 7 8 7 7 4 5
mp 17 7 7 6 6 11 6 6 8 6

Gold
3 1 7 4 6 9 8 2 5
8
gc 10 5 6 3 3 6 5 3 4 4
ts 13 5 7 5 7 6 5 5 12 6
rh 11 5 6 5 5 6 6 4 7 7
pb  6 7 5 4 5 6 4 4 8 5
mp 19 6 6 9 5 8 9 3 4 7
gp 11 5 6 5 4 6 6 5 4 5
bc 11 5 6 5 5 5 6 3 6 4
pf  7 7 6 5 5 7 5 4 6 5

Red
3 6 5 8 4 1 9 2 7
8
gp 10 5 5 6 6 5 4 6 5 5 
pf  7 7 5 5 4 7 5 4 5 5
pb  5 4 4 5 3 4 5 5 6 3
gc-x  9 6 5 5 4 7 5 5 6 5
mp 17 7 4 7 4 7 4 5 4 6
bc-x 10 6 5 6 4 7 5 5 6 5
rh 10 5 5 6 6 5 6 5 5 5
ts 12 5 6 5 4 8 6 5 5 4

White
5 3 9 7 8 1 4 6 2
8
ts 13 7 6 6 6 5 6 6 4 5
pb  6 5 3 3 5 4 4 5 4 5
mp 18 7 6 4 6 6 5 7 3 5
pf  8 5 4 4 5 4 4 6 2 6
gc  9 6 4 4 5 5 6 5 5 5
rh 11 6 5 3 6 7 7 6 6 5
bc 10 5 6 4 6 4 6 8 5 4
gp 11 6 5 5 5 5 6 8 5 4

Blue
2 6 7 4 1 9 5 3 8
8
mp 17 6 6 6 6 7 4 6 5 6
rh 11 5 7 5 4 7 3 4 4 5
ts 13 7 7 5 5 8 3 7 5 4
bc 10 8 6 5 4 6 3 6 3 4
gc  9 5 5 5 7 8 2 6 3 4
pf  7 6 5 4 5 8 6 6 5 4
gp-x 11 6 7 5 6 7 4 6 5 5
pb  5 5 4 4 4 4 3 5 3 4

Gold
3 1 7 4 6 9 8 2 5
8
mp 17 7 5 3 7 9 7 4 7 5
pb  5 4 3 2 4 6 6 5 5 7
rh 11 7 5 3 7 6 6 4 8 4
gp 11 5 6 3 4 6 5 4 6 5
ts 13 6 6 4 6 13 6 5 6 5
bc 11 4 5 4 5 5 6 3 4 6
pf  8 6 4 6 11 5 5 3 5 5
gc  9 4 6 3 3 9 5 3 6 5
