Blue
1 8 7 4 2 9 5 6 3
8
gc 8 5 7 5 6 7 3 5 5 5
pf 7 6 7 6 6 11 5 6 7 6
bc 10 7 6 6 6 6 4 6 4 5
mp 17 6 9 5 4 7 3 9 4 6
pb 5 7 7 8 4 6 3 4 3 4
gp 10 6 7 5 6 5 4 8 4 6
rh 10 6 6 6 6 5 4 4 4 6
bz 11 6 5 6 5 7 5 4 3 4

Gold
3 2 5 1 7 9 8 4 6
8
gc 8 5 7 3 4 6 4 4 6 4 
pf 8 7 9 3 8 8 7 4 6 6
bc 10 6 7 4 6 5 5 3 7 5 
mp 17 7 5 3 6 5 6 5 6 5 
pb 5 5 7 4 6 5 6 4 4 5
gp 11 5 6 4 6 6 6 4 7 5
rh 11 5 6 3 5 9 4 4 4 5
bz 11 8 5 6 5 7 6 4 5 4

Red
0 0 0 0 0 0 0 0 0
0

White
0 0 0 0 0 0 0 0 0
0

Blue
0 0 0 0 0 0 0 0 0
0


Red
0 0 0 0 0 0 0 0 0
0

White
0 0 0 0 0 0 0 0 0
0

Blue
0 0 0 0 0 0 0 0 0
0

Gold
0 0 0 0 0 0 0 0 0
0

White
0 0 0 0 0 0 0 0 0
0

Blue
0 0 0 0 0 0 0 0 0
0

Gold
0 0 0 0 0 0 0 0 0
0

Red
0 0 0 0 0 0 0 0 0
0

White
0 0 0 0 0 0 0 0 0
0

Blue
0 0 0 0 0 0 0 0 0
0

Gold
0 0 0 0 0 0 0 0 0
0

