17

Blue
1 6 4 3 2 9 8 5 7 
10
	ms	15	7 6 5 5 9 3 7 3 5 
	gp	12	6 5 6 6 8 5 5 4 6 
	bl	12	7 8 7 5 9 5 6 8 7 
	brl	15	7 8 4 5 6 7 5 5 6 
	rh	13	6 7 5 4 10 4 6 4 7 
	js	11	6 7 4 6 7 5 5 5 5 
	rw	7	6 7 5 3 6 4 6 2 4 
	sm	9	5 6 6 4 5 5 4 4 5 
	gc	7	5 5 3 5 6 2 5 5 5 
	bc	9	6 8 5 6 8 3 6 4 5 

Gold
2 1 7 6 5 8 9 3 4 
10
	bl	14	6 9 3 7 7 6 5 4 7 
	js-x	12	6 6 5 6 7 6 4 6 6 
	rh	13	7 6 4 6 6 7 3 9 5 
	gp	13	5 7 3 6 6 7 3 5 7 
	ms	15	4 6 4 7 7 5 4 5 6 
	rw-x	7	5 5 4 5 6 6 4 5 5 
	gc	7	5 6 5 5 5 6 5 6 4 
	sm	9	7 5 4 6 6 7 4 6 5 
	brl	15	6 8 5 5 5 6 6 6 4 
	bc	10	5 5 5 7 7 6 4 7 6 

Red
1 3 5 9 2 6 8 4 7 
10
	bc	11	5 5 5 5 6 4 4 5 5 
	rh	14	9 6 5 4 9 4 5 6 5 
	ms	14	7 7 7 3 6 3 10 4 4 
	js	12	5 7 5 4 5 5 5 5 7 
	brl-x	15	7 6 6 5 8 5 6 6 6 
	rw	7	5 5 4 3 6 4 5 5 5 
	sm	10	5 4 4 4 7 5 5 4 4 
	gc	7	4 5 4 4 6 4 5 6 5 
	bl	15	7 6 8 4 6 5 6 7 5 
	gp	13	4 4 5 5 6 10 6 6 3 

White
9 6 7 5 8 3 2 4 1 
10
	gp	13	6 6 3 5 7 6 6 5 6 
	ms	14	5 6 4 5 8 6 6 3 5 
	rw	7	6 6 3 6 4 3 5 3 6 
	js	12	8 5 4 6 6 6 8 4 5 
	bc-x	11	6 6 4 7 5 6 7 5 6 
	gc-x	8	6 5 4 6 5 5 7 4 6 
	bl	16	7 7 3 6 6 6 8 4 6 
	rh	14	7 6 5 9 6 5 7 5 5 
	brl	15	6 6 4 7 6 6 6 5 6 
	sm	9	6 6 4 5 5 8 8 4 6 

Blue
2 3 8 9 1 7 4 6 5 
10
	rh	15	6 6 5 5 11 3 4 5 8 
	bl	16	7 6 7 7 7 3 6 5 6 
	bc	11	5 7 5 4 6 3 4 5 5 
	gp	12	7 6 5 5 8 3 5 5 4 
	gc	7	5 6 5 5 6 4 5 2 4 
	rw-x	7	5 6 5 5 6 4 5 4 5 
	bm-brl	14	8 8 5 7 5 4 6 3 5 
	js	12	5 6 6 6 6 5 6 5 5 
	sm	10	4 6 5 4 5 4 6 3 5 
	ms	13	6 6 5 6 5 3 5 3 5 

Gold
4 1 9 2 8 6 7 3 5 
10
	gc	8	6 5 2 5 5 4 3 5 4 
	rh	15	4 5 3 7 7 10 4 6 6 
	bc	11	8 6 5 7 6 5 4 6 5 
	rw	7	4 5 3 6 5 5 4 4 4 
	gp	12	5 4 4 8 6 4 3 5 4 
	js	13	7 6 4 6 7 5 3 5 6 
	brl	15	7 7 3 8 7 7 4 4 4 
	sm	9	6 4 4 6 5 4 4 4 6 
	ms	12	7 4 4 7 5 4 3 8 4 
	bl	17	6 6 4 8 8 7 4 7 5 

Red
3 4 7 8 5 1 2 6 9 
10
	bc	11	6 5 6 4 4 4 5 4 4 
	gc	7	5 4 6 3 6 5 5 5 5 
	brl	14	5 4 5 3 7 6 6 5 5 
	bl	17	7 4 7 7 7 4 4 7 7 
	ms	11	6 7 5 5 7 4 5 6 6 
	rw	6	5 4 3 4 6 3 7 6 4 
	sm	9	5 6 4 4 5 4 4 5 4 
	rh	15	6 6 5 3 7 5 6 5 5 
	gp	11	5 6 4 5 7 6 4 4 4 
	js	13	7 4 5 3 7 5 4 5 6 

White
6 2 9 7 1 4 3 8 5 
10
	js	13	7 6 4 5 6 6 7 3 6 
	gp	11	7 7 4 7 7 6 7 4 6 
	sm-x	8	6 6 4 6 6 5 6 4 5 
	rw	6	6 5 3 6 4 5 5 3 4 
	brl	14	5 5 3 5 6 6 9 4 5 
	rh	14	5 5 4 6 4 6 7 5 6 
	bl	17	7 5 5 8 9 6 7 5 5 
	ms	12	4 6 4 6 6 5 8 3 9 
	bc-x	11	7 6 4 6 6 6 7 4 6 
	gc-x	7	6 5 4 6 5 5 6 4 5 

<None>
1 2 3 4 5 6 7 8 9
0

Gold
2 3 9 1 5 8 7 4 6 
10
	brl	12	5 6 3 5 6 9 4 5 5 
	rw	6	5 4 3 6 6 4 3 4 4 
	bl	17	6 6 4 5 6 8 5 5 5 
	js	12	5 4 5 4 7 5 3 7 7 
	bc	11	4 4 3 5 6 6 3 4 5 
	ms	11	7 5 5 6 6 5 3 4 6 
	rh	13	5 6 5 6 6 6 4 4 5 
	sm	8	7 5 3 4 5 5 5 4 4 
	gp	11	6 5 4 5 5 5 4 4 4 
	gc	7	6 5 2 5 5 4 5 5 4 

Red
2 6 7 8 4 1 3 5 9 
10
	bc	10	4 5 5 5 5 5 7 6 5 
	bm-rw	14	6 5 6 5 6 6 6 7 7 
	gp-x	10	6 5 5 4 7 5 6 5 5 
	brl	12	4 6 6 3 7 4 4 5 4 
	sm	8	5 5 4 4 5 3 6 6 5 
	rh	12	5 6 4 4 6 3 5 6 5 
	js	12	5 5 4 4 7 5 4 6 5 
	bl	16	4 7 7 4 10 4 5 6 7 
	gc	7	4 4 4 4 6 2 5 3 4 
	ms	11	5 5 4 4 6 6 4 6 6 

White
7 3 9 6 1 5 2 8 4 
10
	rw	5	5 5 4 5 6 4 5 4 6 
	bl	17	7 7 3 6 6 6 6 4 6 
	js	11	5 5 3 6 5 4 7 4 6 
	bc-x	10	6 6 4 6 6 5 7 4 6 
	brl	11	5 5 3 8 5 6 7 4 5 
	ms	11	7 5 6 5 6 6 6 4 4 
	sm	7	6 6 3 5 7 7 5 4 5 
	gp-x	10	6 6 4 6 6 5 7 4 6 
	rh	11	7 5 3 5 5 8 6 4 8 
	gc-x	6	6 5 3 6 5 5 6 4 5 

Blue
2 3 7 8 1 9 5 6 4 
10
	rw	5	5 6 6 5 6 4 4 3 7 
	sm	8	5 4 5 6 7 3 6 4 5 
	bl	16	7 7 6 7 5 4 4 2 4 
	gc	6	5 4 5 6 6 3 5 4 5 
	ms	11	8 7 7 6 7 3 7 3 6 
	rh	11	8 6 5 5 5 7 6 4 5 
	bc	10	6 7 5 7 6 4 4 4 5 
	js	10	5 8 5 5 7 2 6 5 6 
	brl	10	8 6 6 5 6 3 6 4 5 
	gp	10	5 5 7 3 8 4 4 3 4 

Gold
2 3 9 1 4 6 8 7 4 
10
	brl	10	5 7 2 7 7 9 5 5 7 
	rh	12	5 6 4 5 9 7 4 7 11 
	gc	6	5 5 4 7 6 7 3 5 5 
	ms	13	5 5 4 5 7 4 4 6 4 
	sm	8	6 5 3 6 8 5 3 6 5 
	js	11	7 4 3 6 5 5 4 7 5 
	rw-x	6	5 5 3 5 6 6 4 5 5 
	gp	10	5 5 4 5 6 5 3 7 4 
	bl	14	8 6 4 6 6 5 5 7 7 
	bc	10	3 6 4 8 6 6 4 4 4 

Red
3 5 8 7 2 1 6 4 9 
10
	js	10	5 4 8 5 7 5 5 7 6 
	gc	7	4 5 6 3 6 3 5 4 4 
	bc	10	6 4 3 3 6 4 3 5 6 
	sm	9	7 6 5 3 6 4 3 4 6 
	bl	14	6 6 4 4 7 7 4 8 6 
	rh	13	5 6 5 5 7 6 8 5 5 
	rw	6	4 5 4 3 7 4 5 5 4 
	gp	9	6 4 4 3 7 5 5 5 4 
	brl	11	5 6 7 3 7 3 4 6 4 
	ms	12	6 4 5 4 6 5 5 6 4 

White
6 4 9 7 1 2 5 8 3 
10
	js	12	6 7 3 6 5 5 6 4 5 
	brl	12	6 5 4 6 6 7 5 3 5 
	ms	11	9 6 7 6 6 6 9 4 7 
	rh	14	7 7 3 5 4 7 6 4 5 
	sm	9	6 5 3 6 5 7 6 4 4 
	gc	7	5 6 4 5 4 6 6 5 7 
	bc	9	6 5 4 6 6 6 5 7 6 
	bl	14	7 6 3 8 6 6 8 4 7 
	gp	9	5 4 6 7 4 9 5 3 4 
	rw-x	7	6 5 4 6 5 5 6 4 5 

Blue
1 5 3 7 2 9 6 8 4 
10
	ms	13	5 8 6 6 6 5 7 3 7 
	rw	7	5 5 4 5 5 2 5 3 4 
	bc-x	9	6 6 6 5 7 4 5 4 5 
	sm	9	5 7 4 6 7 5 5 4 4 
	rh	14	8 7 6 6 6 5 8 5 7 
	gp	8	6 6 4 6 6 3 6 5 5 
	brl	11	7 7 6 5 8 3 5 5 5 
	gc-x	8	6 6 5 5 7 4 5 4 5 
	bl	15	6 8 6 8 8 4 6 5 5 
	js	11	6 5 4 7 8 3 4 8 5 
